C
T
1.32593
2.38904
2.5367
1.84814
1.42312
2.19286
T
1.1881
2.56681
1.41184
2.73839
T
2.15248
2.08143
1.96788
2.52059
1.35361
C
T
1.83948
2.51951
2.25881
1.05914
1.42809
1.61607
T
2.64173
2.74069
1.76577
2.15124
1.32723
2.0917
1.79028
1.11393
1.18984
T
2.30679
1.38746
2.4015
2.1236
1.7993
2.38989
2.63448
1.20178
1.72132
1.85236
2.72237
T
2.59556
2.73287
1.16441
2.36507
2.24168
1.22355
1.04316
C
T
2.68489
1.09845
2.39152
T
1.42568
1.73322
1.12641
1.5396
1.92305
2.33981
C
T
C
T
1.35981
1.6312
T
1.56159
2.35251
1.20682
1.53396
1.67744
1.05239
1.51684
1.84184
2.41746
1.00852
T
2.46062
T
C
T
1.21472
2.33266
1.73164
1.6404
1.31588
1.85804
2.18
2.23893
